0.000000000000000000e+00 0.000000000000000000e+00 2.143364494161259237e-01 2.359061510579797682e-01
0.000000000000000000e+00 0.000000000000000000e+00 2.643684675711275855e-01 2.348145925216124641e-01
0.000000000000000000e+00 2.603454606161253460e-01 2.779049648306925469e-01 2.353493917989479822e-01
0.000000000000000000e+00 2.865492866308394504e-01 2.880705708441665402e-01 2.297858763308630037e-01
2.673585887554713603e-01 3.071817385670935763e-01 2.967550523551488184e-01 2.213329643368369126e-01
2.965130252393770593e-01 3.252507598368734043e-01 2.965459303385242773e-01 2.157832277844265456e-01
3.221243891472361232e-01 3.402324129294176935e-01 2.899933419384875810e-01 2.118038825813111370e-01
3.459496282475033602e-01 3.368906810431562260e-01 2.854129308311346147e-01 2.089720901294613298e-01
3.512901177582451462e-01 3.349962912509477642e-01 2.824114765116511050e-01 2.069885242957640870e-01
3.537635428743562405e-01 3.340791525489536506e-01 2.805327632454837627e-01 2.055800554724204476e-01
3.563058443230132655e-01 3.344026814590768115e-01 2.794828395216211736e-01 2.046295369663766184e-01
3.594166369194147781e-01 3.352008389673225563e-01 2.794329633134129964e-01 2.040867998438275766e-01
3.627422941507570386e-01 3.369896248739015499e-01 2.799043701308737142e-01 2.038884058416049472e-01
3.652328058627162810e-01 3.393850219527138612e-01 2.811327185161171527e-01 2.040198861338615444e-01
3.637604525433809077e-01 3.422997868626371232e-01 2.828673412892864225e-01 2.043794763412065119e-01
3.621556136692477557e-01 3.460202499636841900e-01 2.849766958767526170e-01 2.050495473677973746e-01
3.602137676141994871e-01 3.497963333600288549e-01 2.877798519801069155e-01 2.058053029423843328e-01
3.579311526152563760e-01 3.545505628706250301e-01 2.907900993050619998e-01 2.069101555577505247e-01
3.557484881789785280e-01 3.591045228334667772e-01 2.939939092637502971e-01 2.080900015377950274e-01
3.526939452666675856e-01 3.642004382807487173e-01 2.978446925964185477e-01 2.094999648475828757e-01
3.499808698584517264e-01 3.693860826929972196e-01 3.019308397172538183e-01 2.109429691798614670e-01
3.465935831172515802e-01 3.713935308779303113e-01 3.059445030687216183e-01 2.126279101323789722e-01
3.430014452670119285e-01 3.701280986145078500e-01 3.106939768465823426e-01 2.143437313853240322e-01
3.392598960419221932e-01 3.686569214419574414e-01 3.151295794708602327e-01 2.162327596186196521e-01
3.344491941786179590e-01 3.670828417186211001e-01 3.198805077853593137e-01 2.181788815391711989e-01
3.299247418673747489e-01 3.652695685114032420e-01 3.246248344982424205e-01 2.202755935299029466e-01
3.252601676753381077e-01 3.631111550953634026e-01 3.294527740306912866e-01 2.225792151701735666e-01
3.195305753104982216e-01 3.605382157060134096e-01 3.345321989986760336e-01 2.247196068114016843e-01
3.132720255794267383e-01 3.576875307839235685e-01 3.395697824635476869e-01 2.270652907426022049e-01
0.000000000000000000e+00 3.544667883555207566e-01 3.443961525374407695e-01 2.295510141954696381e-01
