0.000000000000000000e+00 0.000000000000000000e+00 1.000000000000000056e-01 1.000000000000000056e-01 5.143364494161258849e-01 5.387965693975780290e-01 5.359061510579797849e-01 1.500000000000000222e-01 0.000000000000000000e+00
1.000000000000000056e-01 1.000000000000000056e-01 1.000000000000000056e-01 5.196147416216487791e-01 5.489812756000557181e-01 5.548496826081791289e-01 5.351257601659457075e-01 4.942232971568005784e-01 0.000000000000000000e+00
1.000000000000000056e-01 1.000000000000000056e-01 1.000000000000000056e-01 5.488664559535151310e-01 5.643684675711275744e-01 5.584125714369432281e-01 5.348145925216124530e-01 4.899127027104030474e-01 0.000000000000000000e+00
1.000000000000000056e-01 1.000000000000000056e-01 5.416075496296858249e-01 5.658253827754530230e-01 5.717304488790000416e-01 5.611338028469394779e-01 5.349449298658462970e-01 4.828573164177165644e-01 0.000000000000000000e+00
1.000000000000000056e-01 1.000000000000000056e-01 5.603454606161253349e-01 5.767131213065560535e-01 5.779049648306925357e-01 5.637365184739139279e-01 5.353493917989480266e-01 4.779376542285790341e-01 0.000000000000000000e+00
1.000000000000000056e-01 5.487289284778529286e-01 5.743951654972154763e-01 5.860469051384141759e-01 5.833154773411557414e-01 5.661342431678151321e-01 5.356862082983351314e-01 4.742610140234395644e-01 0.000000000000000000e+00
1.000000000000000056e-01 5.655862365758128618e-01 5.865492866308394948e-01 5.942295562535413467e-01 5.880705708441664736e-01 5.684793289291703022e-01 5.297858763308629371e-01 4.714628793754708225e-01 0.000000000000000000e+00
1.000000000000000056e-01 5.799303758243071760e-01 5.971679626333472601e-01 6.016206061118400950e-01 5.925747448394970140e-01 5.707267749011366575e-01 5.250920907942847604e-01 4.692040620137986062e-01 0.000000000000000000e+00
5.673585887554712937e-01 5.931497863002883619e-01 6.071817385670935652e-01 6.085416744838958447e-01 5.967550523551488073e-01 5.670363640924172000e-01 5.213329643368369570e-01 4.673414654871569929e-01 0.000000000000000000e+00
5.824645965266608272e-01 6.052303646460309716e-01 6.166295065761814298e-01 6.150539050374649319e-01 6.009870818292722960e-01 5.627148069549823273e-01 5.183446598734020583e-01 4.658015413415476091e-01 0.000000000000000000e+00
5.965130252393771038e-01 6.165437450280887299e-01 6.252507598368733932e-01 6.215096053881377092e-01 5.965459303385243217e-01 5.589494996753709977e-01 5.157832277844265345e-01 4.645477376616765630e-01 0.000000000000000000e+00
6.095071252571591103e-01 6.274180277520262639e-01 6.335238908936904334e-01 6.226566759979168530e-01 5.930124057660275394e-01 5.558975227716149714e-01 5.136061687381383578e-01 4.634183263175264411e-01 0.000000000000000000e+00
6.221243891472361121e-01 6.380006317052182574e-01 6.402324129294176824e-01 6.196271432671593971e-01 5.899933419384875144e-01 5.534127681264515708e-01 5.118038825813111536e-01 4.624695917392468436e-01 0.000000000000000000e+00
6.340754082131936364e-01 6.481354953205549219e-01 6.385420425710253145e-01 6.174290021542814255e-01 5.874179592714219300e-01 5.513903450439923137e-01 5.102464378304262249e-01 4.616322567939649124e-01 0.000000000000000000e+00
6.459496282475033491e-01 6.487189705406002371e-01 6.368906810431562704e-01 6.153722025102262849e-01 5.854129308311346591e-01 5.496609584325945486e-01 5.089720901294613187e-01 4.609498959651490702e-01 0.000000000000000000e+00
6.497339346712065478e-01 6.483842397504853139e-01 6.358873564727690608e-01 6.135188690456949701e-01 5.836451930832364798e-01 5.480839966180468537e-01 5.078790917235698199e-01 4.602779394324147955e-01 0.000000000000000000e+00
6.512901177582450796e-01 6.485783486469154369e-01 6.349962912509476975e-01 6.124027205537547758e-01 5.824114765116510384e-01 5.468668182011151568e-01 5.069885242957641314e-01 4.597444808859587617e-01 0.000000000000000000e+00
6.522450767057870191e-01 6.489525694726562266e-01 6.344107705889689974e-01 6.114374385554069979e-01 5.813215938452802600e-01 5.458907050017570706e-01 5.062013260305038287e-01 4.592718865646575610e-01 0.000000000000000000e+00
6.537635428743562294e-01 6.492620307682945846e-01 6.340791525489536395e-01 6.106187548489989680e-01 5.805327632454837516e-01 5.451672068124843173e-01 5.055800554724204643e-01 4.588744948484705377e-01 0.000000000000000000e+00
6.552294260303620499e-01 6.497418490636248656e-01 6.341925081158839017e-01 6.103344263282073356e-01 5.798510881244358650e-01 5.446223809415260408e-01 5.050516572061445331e-01 4.584870956903817629e-01 0.000000000000000000e+00
6.563058443230131989e-01 6.499998287889339199e-01 6.344026814590768559e-01 6.100982362143618776e-01 5.794828395216211625e-01 5.441509323911328799e-01 5.046295369663765795e-01 4.582211313993270752e-01 0.000000000000000000e+00
6.580303910486346997e-01 6.510668785833491068e-01 6.346025292913227700e-01 6.101402943915748001e-01 5.792875791466298718e-01 5.438335196437840136e-01 5.042943327006264020e-01 4.579129089315390755e-01 0.000000000000000000e+00
6.594166369194147670e-01 6.521598116413132029e-01 6.352008389673224897e-01 6.103400779357557315e-01 5.794329633134129853e-01 5.438010356275002621e-01 5.040867998438275377e-01 4.577484377417648242e-01 0.000000000000000000e+00
6.610951467363679335e-01 6.531510142029475219e-01 6.360247788593433871e-01 6.109793862423035238e-01 5.797127465042309913e-01 5.437057279304104984e-01 5.039866482957915395e-01 4.575087951438392420e-01 0.000000000000000000e+00
6.627422941507570275e-01 6.544520634165956752e-01 6.369896248739015387e-01 6.115155710842463677e-01 5.799043701308737031e-01 5.438332808451996625e-01 5.038884058416048806e-01 4.573925983815264606e-01 0.000000000000000000e+00
6.645786480261992590e-01 6.560978186187869099e-01 6.382150468462327586e-01 6.123816172412384073e-01 5.805562647030884094e-01 5.441508015120172237e-01 5.039060590832777908e-01 4.572445365015718743e-01 0.000000000000000000e+00
6.652328058627162699e-01 6.573578423181209995e-01 6.393850219527138501e-01 6.133658359529540194e-01 5.811327185161171416e-01 5.443703656964782311e-01 5.040198861338615055e-01 4.571784569235473605e-01 0.000000000000000000e+00
6.646307871223907648e-01 6.592581675900398563e-01 6.406956135433082844e-01 6.144679555483493205e-01 5.819645857208319839e-01 5.449334916795125494e-01 5.041542350327297140e-01 4.571292539717977110e-01 0.000000000000000000e+00
6.637604525433808966e-01 6.612298910568628063e-01 6.422997868626371121e-01 6.157520508088406563e-01 5.828673412892864114e-01 5.454694932605792523e-01 5.043794763412065008e-01 4.570615406758042343e-01 0.000000000000000000e+00
6.630133976533993945e-01 6.627151951456782264e-01 6.439575493041057586e-01 6.170411355960375710e-01 5.838695333400354404e-01 5.462287689997857854e-01 5.046856202934411062e-01 4.570415077129313386e-01 0.000000000000000000e+00
6.621556136692476890e-01 6.647195135104635444e-01 6.460202499636842344e-01 6.185232067443173776e-01 5.849766958767526059e-01 5.468752279858550835e-01 5.050495473677973912e-01 4.570420907854788606e-01 0.000000000000000000e+00
6.610408929175752846e-01 6.667731543484708423e-01 6.478203154844460743e-01 6.202319293510349940e-01 5.863662452949764958e-01 5.478148155085915683e-01 5.053896052105903980e-01 4.571132721924242581e-01 0.000000000000000000e+00
6.602137676141994760e-01 6.693265694227104046e-01 6.497963333600288438e-01 6.219936661993554772e-01 5.877798519801069599e-01 5.486291145998710705e-01 5.058053029423843494e-01 4.571301434081966875e-01 0.000000000000000000e+00
6.591068991130533128e-01 6.710201945914506805e-01 6.520765031808479772e-01 6.240435982569668694e-01 5.892565169222503396e-01 5.496248326297112907e-01 5.063307858230223779e-01 4.572176706084377651e-01 0.000000000000000000e+00
6.579311526152563649e-01 6.703940081389860861e-01 6.545505628706249635e-01 6.260913728559439617e-01 5.907900993050619887e-01 5.505661994408497240e-01 5.069101555577505414e-01 4.573294287773029820e-01 0.000000000000000000e+00
6.568149905716623715e-01 6.696408199753494106e-01 6.569252463362555972e-01 6.279655921263324059e-01 5.923095454123942227e-01 5.517894195111435751e-01 5.074610297101651568e-01 4.574074060856403445e-01 0.000000000000000000e+00
6.557484881789785724e-01 6.686781264833481231e-01 6.591045228334667661e-01 6.303170889646287911e-01 5.939939092637502860e-01 5.529960314304052105e-01 5.080900015377950441e-01 4.575592047732222056e-01 0.000000000000000000e+00
6.541705449881416445e-01 6.678307543551098568e-01 6.616089787031854685e-01 6.323463430430338317e-01 5.958286372852764634e-01 5.543303860958235241e-01 5.087890008230058214e-01 4.576570554881023711e-01 0.000000000000000000e+00
6.526939452666675745e-01 6.668270871145709489e-01 6.642004382807487062e-01 6.347234817562261711e-01 5.978446925964184810e-01 5.555553503305126206e-01 5.094999648475828646e-01 4.578060411539505714e-01 0.000000000000000000e+00
6.512853179713404828e-01 6.658349366174368678e-01 6.666826785518698006e-01 6.372851956740269719e-01 5.999165818884125700e-01 5.569826232399095467e-01 5.102434421794584951e-01 4.579909479183437160e-01 0.000000000000000000e+00
6.499808698584517153e-01 6.647325782432969010e-01 6.693860826929971530e-01 6.396648977337688891e-01 6.019308397172538072e-01 5.584202082734515127e-01 5.109429691798614837e-01 4.581550633499505976e-01 0.000000000000000000e+00
6.481566890758707622e-01 6.637593997821418235e-01 6.718754131974631338e-01 6.423354753692722685e-01 6.038716788259652635e-01 5.598387908587107997e-01 5.117152373776716612e-01 4.583559185668405478e-01 0.000000000000000000e+00
6.465935831172515691e-01 6.623069927172950955e-01 6.713935308779303002e-01 6.448797581321719097e-01 6.059445030687216072e-01 5.614851317807915132e-01 5.126279101323789611e-01 4.585771104769150730e-01 0.000000000000000000e+00
6.447854802518870887e-01 6.611956602615867151e-01 6.706294697671337790e-01 6.476158003547750619e-01 6.083484328104897809e-01 5.629804513335979754e-01 5.135313028500194665e-01 4.587770706671114307e-01 0.000000000000000000e+00
6.430014452670118619e-01 6.603892726255522483e-01 6.701280986145078389e-01 6.500217811023387693e-01 6.106939768465823315e-01 5.645778631566517047e-01 5.143437313853240767e-01 4.589977964860728621e-01 0.000000000000000000e+00
6.409154905962035631e-01 6.589396109787745148e-01 6.692473420112898808e-01 6.526927976062475434e-01 6.127683149384561823e-01 5.662766613104521785e-01 5.153037137873321960e-01 4.592224447519616115e-01 0.000000000000000000e+00
6.392598960419222376e-01 6.574915284836913010e-01 6.686569214419574303e-01 6.552577216733024290e-01 6.151295794708602216e-01 5.680661889676954512e-01 5.162327596186195855e-01 4.594853735155690622e-01 0.000000000000000000e+00
6.368703490701161929e-01 6.559516457202820838e-01 6.681651652209105174e-01 6.581157588526385105e-01 6.173402913754257870e-01 5.696761990248649932e-01 5.171892472894542570e-01 4.597518325495708602e-01 0.000000000000000000e+00
6.344491941786178923e-01 6.545931993552746020e-01 6.670828417186210890e-01 6.608730133674096674e-01 6.198805077853593026e-01 5.715273306745364268e-01 5.181788815391712433e-01 4.600527424792251185e-01 0.000000000000000000e+00
6.325876320296511812e-01 6.529092485483001251e-01 6.660933376033848496e-01 6.632897224671977510e-01 6.222317094295212181e-01 5.732227306810153689e-01 5.192487310145005308e-01 4.602848882066229441e-01 0.000000000000000000e+00
6.299247418673747934e-01 6.512070261247429048e-01 6.652695685114031754e-01 6.660834993410931215e-01 6.246248344982423539e-01 5.750893051798060540e-01 5.202755935299029355e-01 4.605625372093835601e-01 0.000000000000000000e+00
6.273835833401695261e-01 6.497619605850106783e-01 6.640328234081109837e-01 6.688214057943454582e-01 6.270560517435801451e-01 5.770701157148725446e-01 5.214649114617171399e-01 4.608836370466148358e-01 0.000000000000000000e+00
6.252601676753380966e-01 6.477147122214474972e-01 6.631111550953634470e-01 6.694529789702214906e-01 6.294527740306912200e-01 5.786935647609203759e-01 5.225792151701735833e-01 4.611963405712506958e-01 0.000000000000000000e+00
6.222534897375471274e-01 6.459708784799674808e-01 6.617513144802068537e-01 6.690620635460640120e-01 6.321874292272255946e-01 5.807719996014542030e-01 5.235885797114711027e-01 4.615007357294268475e-01 0.000000000000000000e+00
6.195305753104982660e-01 6.440161382449660632e-01 6.605382157060133430e-01 6.684179664382481345e-01 6.345321989986760780e-01 5.827061937910780198e-01 5.247196068114017287e-01 4.617962809797082624e-01 0.000000000000000000e+00
6.165428549345306486e-01 6.414653356084427660e-01 6.591611092374396463e-01 6.677753085661355392e-01 6.370718007385915982e-01 5.844829778859641500e-01 5.260303608694102406e-01 4.621497778617146279e-01 0.000000000000000000e+00
6.132720255794267272e-01 6.395927482418459764e-01 6.576875307839236129e-01 6.672726295538677910e-01 6.395697824635476758e-01 5.865311209352908062e-01 5.270652907426022216e-01 4.624817400922330846e-01 0.000000000000000000e+00
1.000000000000000056e-01 6.370077645790839238e-01 6.563334176387298768e-01 6.665696937934249000e-01 6.419660636623132355e-01 5.889066045012130157e-01 5.283771541778350400e-01 4.628614162984866498e-01 0.000000000000000000e+00
1.000000000000000056e-01 6.344247692801223693e-01 6.544667883555207455e-01 6.655471909869953295e-01 6.443961525374407584e-01 5.907197754445338012e-01 5.295510141954695715e-01 4.631852140170759080e-01 0.000000000000000000e+00
1.000000000000000056e-01 1.000000000000000056e-01 6.528664960851711108e-01 6.648938942506061878e-01 6.470222657000680444e-01 5.925312623351506325e-01 5.308086307287754879e-01 4.635627744028757435e-01 0.000000000000000000e+00
1.000000000000000056e-01 1.000000000000000056e-01 1.000000000000000056e-01 6.636577645904140343e-01 6.491867641676616341e-01 5.946666819695940465e-01 5.321663180379467839e-01 4.639674842104702934e-01 0.000000000000000000e+00
